0.001	0.97903	0.979207448	2.39E-07	0.979124348	1.36E-07	0.00101537	0.000997441	0.000954415	0.001042379
0.01	0.812322029	0.812425024	5.48E-07	0.812068459	2.44E-07	0.01002	0.009858675	0.009717275	0.01000186
0.025	0.590963372	0.590558148	2.72E-06	0.590851722	2.55E-06	0.0251699	0.02452223	0.024286711	0.0247593
0.05	0.344734455	0.344869735	1.09E-06	0.344844027	4.85E-07	0.0510735	0.049426699	0.049056803	0.049797666
0.07	2.22E-01	2.21E-01	1.21E-06	2.22E-01	5.87E-07	0.0722082	0.06912867	0.068650085	0.069607838
0.1	1.12E-01	1.12E-01	2.26E-07	1.12E-01	2.40E-07	0.104725	0.099340855	0.098669895	0.100011351
0.15	3.31E-02	3.31E-02	1.94E-07	3.32E-02	8.10E-08	0.161909	0.14978212	0.148652096	0.150908375
0.2	9.36E-03	9.27E-03	5.10E-08	9.38E-03	1.92E-08	0.223038	0.198740229	0.196845721	0.20062312
0.25	2.47E-03	2.49E-03	1.89E-08	2.52E-03	5.93E-09	0.283538	0.247033602	0.243762703	0.250271518
0.3	5.75E-04	5.61E-04	5.69E-09	5.57E-04	3.67E-09	0.366173	0.305608201	0.298850254	0.312238242
0.35	1.22E-04	1.04E-04	6.01E-10	1.13E-04	3.81E-10	0.442804	0.353374264	0.340444446	0.365869302
0.4	2.81E-05	3.47E-05	4.45E-11	2.95E-05	8.42E-11	0.488303	0.392819013	0.36991542	0.414439239
0.45	5.27E-06	5.66E-06	3.81E-11	4.91E-06	1.28E-11	1	0.450061812	0.3975132	0.496614899
