21 0.001 10000 0.1 0.9576 9576 424 2590 7410
51 0.001 10000 0.1 0.9525 9525 475 2898 7102
100 0.001 10000 0.1 0.9516 9516 484 2872 7128
21 0.1 10000 0.1 0.9489 9489 511 4840 5160
51 0.1 10000 0.1 0.946 9460 540 4837 5163
100 0.1 10000 0.1 0.0 0 10000 1366 8634
21 0.2 10000 0.1 0.9593 9593 407 5321 4679
51 0.2 10000 0.1 0.0 0 10000 855 9145
100 0.2 10000 0.1 0.0 0 10000 0 10000
21 0.001 100000 0.1 0.9517 9517 483 4257 5743
51 0.001 100000 0.1 0.9515 9515 485 4287 5713
100 0.001 100000 0.1 0.9516 9516 484 4347 5653
21 0.1 100000 0.1 0.9504 9504 496 4928 5072
51 0.1 100000 0.1 0.9545 9545 455 5104 4896
100 0.1 100000 0.1 0.3821 3821 6179 7835 2165
21 0.2 100000 0.1 0.9536 9536 464 5070 4930
51 0.2 100000 0.1 0.4073 4073 5927 5976 4024
100 0.2 100000 0.1 0.0 0 10000 0 10000
21 0.001 1000000 0.1 0.9495 9495 505 4728 5272
51 0.001 1000000 0.1 0.9495 9495 505 4760 5240
100 0.001 1000000 0.1 0.9517 9517 483 4763 5237
21 0.1 1000000 0.1 0.9479 9479 521 4982 5018
51 0.1 1000000 0.1 0.9479 9479 521 5088 4912
100 0.1 1000000 0.1 0.9465 9465 535 5524 4476
21 0.2 1000000 0.1 0.9508 9508 492 5012 4988
51 0.2 1000000 0.1 0.8686 8686 1314 5369 4631
100 0.2 1000000 0.1 0.0 0 10000 2 9998
21 0.001 10000 0.2 0.9538 9538 462 2708 7292
51 0.001 10000 0.2 0.9541 9541 459 2747 7253
100 0.001 10000 0.2 0.9472 9472 528 2913 7087
21 0.1 10000 0.2 0.9535 9535 465 4971 5029
51 0.1 10000 0.2 0.9481 9481 519 4990 5010
100 0.1 10000 0.2 0.0359 359 9641 1054 8946
21 0.2 10000 0.2 0.9465 9465 535 5250 4750
51 0.2 10000 0.2 0.0 0 10000 750 9250
100 0.2 10000 0.2 0.0 0 10000 0 10000
21 0.001 100000 0.2 0.95 9500 500 4270 5730
51 0.001 100000 0.2 0.9482 9482 518 4220 5780
100 0.001 100000 0.2 0.9459 9459 541 4427 5573
21 0.1 100000 0.2 0.9515 9515 485 5083 4917
51 0.1 100000 0.2 0.9461 9461 539 5043 4957
100 0.1 100000 0.2 0.4794 4794 5206 6814 3186
21 0.2 100000 0.2 0.9506 9506 494 5110 4890
51 0.2 100000 0.2 0.2761 2761 7239 5317 4683
100 0.2 100000 0.2 0.0 0 10000 0 10000
21 0.001 1000000 0.2 0.9494 9494 506 4750 5250
51 0.001 1000000 0.2 0.9486 9486 514 4838 5162
100 0.001 1000000 0.2 0.9545 9545 455 4782 5218
21 0.1 1000000 0.2 0.9504 9504 496 4957 5043
51 0.1 1000000 0.2 0.9506 9506 494 4984 5016
100 0.1 1000000 0.2 0.9369 9369 631 5554 4446
21 0.2 1000000 0.2 0.9459 9459 541 5047 4953
51 0.2 1000000 0.2 0.9439 9439 561 4975 5025
100 0.2 1000000 0.2 0.0 0 10000 4 9996
21 0.001 10000 0.05 0.9628 9628 372 1953 8047
51 0.001 10000 0.05 0.9489 9489 511 2586 7414
100 0.001 10000 0.05 0.9521 9521 479 2775 7225
21 0.1 10000 0.05 0.9503 9503 497 4955 5045
51 0.1 10000 0.05 0.945 9450 550 4756 5244
100 0.1 10000 0.05 0.0 0 10000 1711 8289
21 0.2 10000 0.05 0.9605 9605 395 4799 5201
51 0.2 10000 0.05 0.0 0 10000 933 9067
100 0.2 10000 0.05 0.0 0 10000 0 10000
21 0.001 100000 0.05 0.9506 9506 494 4148 5852
51 0.001 100000 0.05 0.9472 9472 528 4243 5757
100 0.001 100000 0.05 0.9516 9516 484 4373 5627
21 0.1 100000 0.05 0.9499 9499 501 4985 5015
51 0.1 100000 0.05 0.953 9530 470 5127 4873
100 0.1 100000 0.05 0.5595 5595 4405 8553 1447
21 0.2 100000 0.05 0.9525 9525 475 5085 4915
51 0.2 100000 0.05 0.0 0 10000 6269 3731
100 0.2 100000 0.05 0.0 0 10000 0 10000
21 0.001 1000000 0.05 0.9495 9495 505 4608 5392
51 0.001 1000000 0.05 0.9473 9473 527 4707 5293
100 0.001 1000000 0.05 0.9454 9454 546 4705 5295
21 0.1 1000000 0.05 0.9524 9524 476 5059 4941
51 0.1 1000000 0.05 0.9503 9503 497 4878 5122
100 0.1 1000000 0.05 0.9164 9164 836 5801 4199
21 0.2 1000000 0.05 0.9487 9487 513 5062 4938
51 0.2 1000000 0.05 0.8887 8887 1113 10000 0
100 0.2 1000000 0.05 0.0 0 10000 1 9999
