0.05865399999999994 0.363042434391727 0.36233759724300935 0.0 0.36377415687760517 0.0 0.0482787 0.04701244202151966 0.04600897449154755 0.04802703030512239 0.04691776038336415
0.17606899999999995 0.04260719914313174 0.04566074689183914 0.0 0.046284713535151366 0.0 0.14742 0.1361279785392283 0.13309508560107738 0.1391564368233989 0.1365298719652397
0.05193600000000004 0.43297701234282787 0.4242097941441764 0.0 0.43711617195496416 0.0 0.0407296 0.038641068552915714 0.03777255810151712 0.039521271046351704 0.039101345478312344
0.43700000000000006 1.2101841454412045e-05 0.0 0.0 0.0 0.0 1.0 1.0 1.0 1.0 1.0
0.022468999999999965 0.635660681548314 0.6311029077037269 0.0 0.6295886367828814 0.0 0.0215205 0.02179184279993507 0.02119589324093498 0.0224004286344074 0.021378911313972848
0.15430800000000006 0.11127085191716901 0.10673459239812044 0.0 0.11042982782113217 0.0 0.106161 0.099605806838857 0.09760641490685801 0.10161004962721387 0.09916394310897936
0.37671999999999994 5.1179400859813936e-05 0.0 0.0 0.0 0.0 1.0 1.0 1.0 1.0 1.0
0.381529 2.7631300485996898e-05 0.0 0.0 0.0 0.0 1.0 1.0 1.0 1.0 1.0
0.15553899999999998 0.08946351036790284 0.08694025623407206 0.0 0.08895423635361147 0.0 0.11575 0.10883049692688929 0.10660924791176418 0.11105481042807858 0.10816470572602499
0.06216999999999999 0.35793695025016137 0.35325004058005105 0.0 0.3609380958433965 0.0 0.0493678 0.047367557161644314 0.046358517746853144 0.04838768642000361 0.04737044021360204
0.34483400000000003 0.0008506824448005834 0.00012800560083174587 0.0 0.0006352432981832042 0.0 0.427191 0.2956977886240568 0.2745348380725044 0.31616529738832705 0.295996787122227
0.04944500000000005 0.4219370518563549 0.42462510568543615 0.0 0.42619697345571816 0.0 0.0397364 0.03979846002002474 0.03890604298056272 0.04070263713317615 0.038579230500586204
0.29625 5.583035785334199e-05 0.0 0.0 0.0 0.0 1.0 1.0 1.0 1.0 1.0
0.29328599999999994 0.00014608150470219437 0.0 0.0 0.00012469605336991085 0.0 1.0 0.3482392182662555 0.30570153947992806 0.38795546785362806 0.347676617730878
0.036677999999999995 0.5586797725531663 0.5560756702810411 0.0 0.5606965806533621 0.0 0.0282098 0.02717513542608796 0.02648828623117891 0.02787442264043934 0.02755040367895656
0.419 1.2757542897237992e-06 0.0 0.0 0.0 0.0 1.0 1.0 1.0 1.0 1.0
0.341143 9.396578744295279e-05 0.0 0.0 6.46370628918622e-05 0.0 1.0 0.3683170941750913 0.31316133356848846 0.418750481939389 0.368453840574835
0.25803700000000007 0.014067374792003637 0.013294306829549945 0.0 0.013848488680915644 0.0 0.206103 0.18436594320783672 0.1790747899598464 0.18962192877611445 0.18474711792410248
0.4082 1.3154095214352246e-05 0.0 0.0 0.0 0.0 1.0 1.0 1.0 1.0 1.0
0.3486 0.0001888885962043672 0.0 0.0 0.00012805736970162632 0.0 1.0 0.3474131576004108 0.3053511489468231 0.3867160894791931 0.3479299371616401
0.3895 1.7691644741664077e-05 0.0 0.0 0.0 0.0 1.0 1.0 1.0 1.0 1.0
