0.3815 1.8442721211219567e-05 2.416257301506874e-05 2.3355224679261356e-09 1.535567288884139e-05 7.074457764955671e-10 0.8857679 0.4101050106304468 0.32267382969007213 0.4858169109103619
0.157954 0.10006731604884934 0.09844461185709642 1.4195579012907192e-05 0.09992269550275469 4.617447922223745e-06 0.11085534999999999 0.10388249899561741 0.1017845393519663 0.10598450958402614
0.24901300000000007 0.01098372671907437 0.010816041943036151 8.506826580850972e-07 0.010909963074443299 4.1640994073450854e-07 0.21557649999999998 0.19357680025781687 0.1877140509181425 0.19939407866568215
0.408786 6.320309492915249e-06 0.0 0.0 3.1571636042179705e-06 1.8938595845217354e-10 1.0 0.4529062340618083 0.32479102003374716 0.5562069341601724
0.24775000000000005 7.82640001252224e-05 7.343037150943786e-05 7.98127357862862e-09 9.132922049267592e-05 6.987173757082423e-09 0.7383736999999999 0.3578328531483076 0.30957507090079905 0.40246594034077493
0.34817400000000004 0.0009842265553054177 0.0008428032579377758 1.2103233706884586e-07 0.0009483198139212291 9.117770928955894e-08 0.34281334999999996 0.28213055634442963 0.2644926529141752 0.2992877092876949
0.26349999999999996 0.00015510364862868678 0.00010870134035930322 1.1634719070771645e-08 0.00013540061233835763 7.861443297724154e-09 0.62184 0.3456780966549029 0.3047093679138101 0.3840280211482411
0.05548299999999998 0.40235840673945733 0.39986485112152986 3.488275270621293e-05 0.4005828858022674 1.7687356868970913e-05 0.043664925 0.04262829009446645 0.041696821895091996 0.04357116345638058
0.34054100000000004 0.0010881093412310895 0.0008727588015988387 1.14696069912416e-07 0.0010393153269211215 6.503930439450349e-08 0.34055255 0.27899155897999117 0.2620079804225516 0.2955300719279406
0.379231 2.956395059926757e-05 3.72002209517689e-05 6.321419197183642e-09 3.462542222992334e-05 2.1703959173980842e-09 0.88225545 0.3868168080923762 0.3182460584055888 0.44812799561508665
0.41100000000000003 6.456182214121865e-06 6.540721537428909e-06 8.128397263735413e-10 6.4622746137667665e-06 3.758913715398834e-10 0.9712948499999999 0.43392301818294865 0.3237542719329123 0.5256564994874079
0.059223999999999964 0.36366501871534845 0.36150453508191993 2.108466316889656e-05 0.3627543494333217 1.554001128629473e-05 0.048146345 0.04713983183652948 0.04613653223341029 0.04815419303497823
0.397324 8.336031856466356e-06 1.1983558909149173e-05 1.2924627787316975e-09 6.46543022409427e-06 3.762194747349615e-10 0.9426351499999999 0.43390985826461403 0.3215458840689872 0.5271664921446841
0.28125 0.0001429548576765797 0.0001297229447143593 2.3753870044810502e-08 0.0001412385984388039 8.112603128846849e-09 0.64613215 0.3443615006593491 0.30385393825644635 0.38230973603994295
0.451 4.41815432234349e-06 0.0 0.0 6.34461365104843e-06 3.622896296181874e-10 1.0 0.4344181230568911 0.32427440122482043 0.5261225510711627
0.21099999999999994 5.583035785334199e-05 4.5824022325117714e-05 7.305210402273499e-09 3.855660115060016e-05 2.6339198906203582e-09 0.85336385 0.3836686968951405 0.31788270084792225 0.44276147670763577
0.006839999999999975 0.8837878044054401 0.8833465015247672 1.1211821690483943e-05 0.8841609976181728 5.256433111636018e-06 0.0058227025000000005 0.005845519927994203 0.0055629641417934425 0.006141420176530791
0.17414599999999994 0.04840845042617352 0.04834801335200653 9.083600294251122e-06 0.048689424152342835 3.199607526089513e-06 0.1441114 0.13404188274146933 0.13108035476477792 0.13699970574027645
0.0006770000000000209 0.9926414367205421 0.9929291913820263 1.2488362853737294e-06 0.9929335789103524 3.0534365204302855e-07 0.00037876375 0.00033763377407514117 0.00027642824932807723 0.00041232637199931397
0.25237499999999996 7.82640001252224e-05 7.367747609142128e-05 8.035080406121944e-09 9.132922049267592e-05 6.987173757082423e-09 0.7383736999999999 0.3578328531483076 0.3096461629219301 0.40240502382154036
0.05736999999999995 0.39179660812223743 0.3905786028098616 3.3621205738741014e-05 0.39237162934155717 1.3374068923793265e-05 0.04468722 0.04357203367635021 0.0426250893305254 0.0445303254497043
0.40950000000000003 3.7144618859065886e-06 0.0 0.0 3.0888984987953297e-06 1.8128458478134075e-10 1.0 0.4534754226868686 0.3251621451466267 0.5568866171395654
0.34373099999999995 0.0010377770654362685 0.0008347257815170033 1.0762576322951864e-07 0.0009399875680496047 7.926675230097835e-08 0.34231880000000003 0.28243217425106315 0.2647073628730977 0.29967143797280144
0.026654999999999943 0.5966796309907674 0.5989393712209532 3.4142609267655234e-05 0.5980303133132844 1.2285319267439285e-05 0.02428528 0.024184367166065868 0.023552416224519115 0.02482868220442542
0.17384299999999997 0.050968464463640076 0.05091732187936134 4.791177478910117e-06 0.050917344605532475 2.8249624685124463e-06 0.14202404999999999 0.13219493934907167 0.12929172690276822 0.13509505957257412
