0.99 0.0007089199498226459 0.9900875268016048 0.9899120036060689 5.139978853705062e-06 0.9788097972290931 0.0006703804460860835
0.95 0.0007089199498226459 0.9497900356338613 0.947418775344517 2.689871773383751e-05 0.9367504461058319 0.0007489694347590146
0.9 0.0007089199498226459 0.8996973975194182 0.8980982120372694 4.2817909047097986e-05 0.8868943785328506 0.0005944264397807652
0.85 0.0007089199498226459 0.8493343064441178 0.8495815416455249 6.674892029155485e-05 0.8373959585034342 0.0007595451795237891
0.8 0.0007089199498226459 0.8003830294488892 0.800257702456171 8.270813635926068e-05 0.7893281286482787 0.00074472788061775
0.75 0.0007089199498226459 0.7542943712110444 0.7518820587986842 0.00010842963903962143 0.741689475845401 0.0006605312401488804
0.7 0.0007089199498226459 0.7042570288526875 0.6989538282634405 0.0001293812640213809 0.6895444639936026 0.000660229368382495
0.65 0.0007089199498226459 0.6577781101824653 0.6511162399170297 0.00013908561867925334 0.6449100505566723 0.0007309594581881346
0.6 0.0007089199498226459 0.6078471058165819 0.601698432658814 0.00013601183584770521 0.5957692780708211 0.0005651602278530844
0.55 0.0007089199498226459 0.5575680217553354 0.5502274986103777 9.998747150549768e-05 0.5456270924629875 0.0005248270899814232
0.5 0.0007089199498226459 0.5073888954070139 0.5017254430039523 0.00010007235687189151 0.4959856134161452 0.0003645178326181224
0.45 0.0007089199498226459 0.4572026798591943 0.45235778860544384 0.0001221826286841675 0.44756013601742445 0.0004433472954100402
0.4 0.0007089199498226459 0.40711642202429965 0.4041898859089873 0.00012671366759700278 0.3987054815664254 0.00042939468003822445
0.35 0.0007089199498226459 0.35697026045364494 0.3553990050678161 0.0001393166604103698 0.34834870743245283 0.0003623484490766305
0.3 0.0007089199498226459 0.30683827728198676 0.3049489649815899 0.00014393765705801877 0.29842111035075825 0.00030133965344277295
0.25 0.0007089199498226459 0.25658294203905935 0.25465993596953906 0.00012938305115406338 0.24992410344332439 0.000308850632308129
0.2 0.0007089199498226459 0.2073073341667869 0.2065096390060342 0.00013114992492358418 0.20271462769272505 0.00027671919683508147
0.15 0.0007089199498226459 0.16061325829179357 0.15983630347960612 6.641516629685861e-05 0.15436067980271723 0.00024925398256448914
0.1 0.0007089199498226459 0.11056847227396353 0.11081416309932424 6.002000703039731e-05 0.10679355650855278 0.00012121430538088738
0.05 0.0007089199498226459 0.05981157616653664 0.06004869647722696 2.6075286369997218e-05 0.0587972561621101 7.03821698037012e-05
0.01 0.0007089199498226459 0.027134619999411597 0.02738183267672069 1.2010667782391374e-05 0.02589368215411661 3.149699311657348e-05