0.001 0.979030000168493 0.9787723374185806 0.0 0.9792613506349033 0.0 0.00102877 0.00099744105093591 0.0009544154952039068 0.0010423790901983561 0.0010159427899757434
0.01 0.812322029329005 0.8134236392656309 0.0 0.8121587416698643 0.0 0.0099764 0.009858674972412218 0.009717275087846217 0.010001859899419532 0.009959563792848902
0.025 0.5909633724424176 0.5905514155609707 0.0 0.5936970840564813 0.0 0.0253189 0.024522229621669833 0.02428671143698042 0.024759300051985813 0.02487202037741998
0.05 0.34473445512190465 0.34603803021235224 0.0 0.3449036995835372 0.0 0.0509317 0.04942669888781315 0.04905680330213174 0.04979766627013648 0.04975570019253506
0.07 0.22164228667389313 0.22228199026733694 0.0 0.22216863398096875 0.0 0.0720343 0.06912867025401392 0.06865008459553444 0.06960783807293575 0.06956854121225364
0.1 0.1115932271453364 0.1114007335543806 0.0 0.11111424035147628 0.0 0.104939 0.09934085527694758 0.09866989459947989 0.10001135089785566 0.0997331897923941
0.15 0.03314080674421086 0.03311555838904844 0.0 0.033123400420335215 0.0 0.162722 0.1497821197348429 0.1486520962636113 0.15090837521372066 0.15020256415130218
0.2 0.009361538115911911 0.009062829880505947 0.0 0.009533230772480365 0.0 0.224423 0.1987402293575692 0.1968457208799122 0.20062311980455524 0.1991753063951145
0.25 0.002471931883919595 0.002442088226570789 0.0 0.002583970231536406 0.0 0.286874 0.24703360236304128 0.24376270337370834 0.250271517831911 0.24743796607739832
0.3 0.0005753331947946914 0.0005329335258932172 0.0 0.00047173298504888067 0.0 0.35936 0.30560820093921104 0.29885025423383665 0.3122382420687925 0.3059770818643427
0.35 0.00012180635667709451 0.00014214753878084973 0.0 0.00010561186232437627 0.0 0.422292 0.3533742639727053 0.34044444642673477 0.3658693015010947 0.35371552018108643
0.4 2.8082157158984326e-05 2.8430748452899657e-05 0.0 2.816316328650034e-05 0.0 0.498929 0.39281901343157655 0.36991542034823177 0.41443923930129045 0.39313105038509155
0.45 5.265404467309561e-06 7.10776249420152e-06 0.0 3.5203954108125425e-06 0.0 0.564943 0.4500618119738736 0.39751319952413616 0.4966148991840168 0.45039688070234163
